7091
7091
8665
8941
8941
8941
8941
8941
8941
8941
9337
9337
9337
9337
9337
9337
9337
9337
9337
9337
9337
9337
9337
9337
9337
9715
9741
9741
9741
9741
9741
9741
9741
9741
9741
9741
9741
9741
9741
9741
9741
9741
9741
9741
9741
9741
9741
9741
9741
9741
9741
9741
9741
9741
9741
9741
9741
9741
9741
9741
9741
9741
9741
9741
9741
9741
9741
9741
9741
9741
9741
9741
9741
9741
9741
9741
9741
9741
9741
9741
9741
9741
9741
9741
9741
9741
9741
9741
9741
9741
9741
9741
9741
9741
9741
9741
9741
9741
9741
9741
Ant's path 0 : 1, 84, 953, 25, 777, 379, 338, 976, 221, 888, 535, 789, 799, 721, 586, 429, 456, 247, 126, 739, 589, 414, 349, 419, 927, 505, 621, 207, 644, 112, 348, 532, 784, 805, 571, 556, 149, 376, 549, 237, 110, 541, 699, 677, 913, 201, 984, 446, 477, 513, 148, 671, 12, 82, 447, 515, 469, 38, 142, 681, 686, 464, 239, 511, 119, 257, 669, 304, 92, 166, 162, 261, 320, 854, 780, 300, 167, 259, 138, 250, 517, 900, 673, 956, 955, 275, 899, 16, 309, 90, 738, 115, 462, 497, 141, 733, 366, 782, 595, 363, 606, 687, 253, 898, 662, 459, 701, 288, 761, 931, 424, 676, 273, 633, 65, 196, 91, 44, 248, 922, 72, 743, 921, 71, 202, 630, 433, 4, 440, 936, 409, 563, 223, 523, 999, 472, 214, 628, 615, 417, 39, 659, 801, 368, 383, 855, 140, 452, 341, 137, 410, 525, 683, 897, 144, 572, 67, 441, 436, 557, 865, 928, 537, 97, 34, 575, 981, 260, 787, 600, 251, 319, 717, 934, 301, 734, 751, 481, 26, 816, 640, 6, 310, 929, 491, 992, 946, 610, 944, 294, 620, 785, 772, 147, 483, 493, 375, 347, 150, 81, 529, 359, 986, 179, 274, 222, 948, 740, 894, 639, 602, 18, 98, 453, 567, 101, 881, 473, 614, 800, 501, 755, 629, 731, 413, 534, 243, 737, 868, 352, 307, 241, 278, 536, 299, 83, 727, 61, 254, 64, 58, 387, 580, 265, 345, 78, 206, 40, 80, 321, 902, 443, 60, 103, 770, 612, 655, 735, 862, 478, 724, 185, 450, 812, 68, 697, 531, 357, 335, 776, 317, 616, 123, 431, 152, 917, 797, 520, 945, 695, 468, 524, 732, 636, 437, 439, 611, 495, 707, 470, 420, 292, 290, 920, 613, 906, 146, 124, 325, 306, 342, 104, 783, 995, 562, 7, 753, 741, 962, 411, 542, 499, 653, 810, 527, 660, 178, 49, 107, 871, 59, 87, 762, 863, 2, 219, 874, 93, 13, 587, 21, 255, 977, 889, 876, 500, 289, 843, 827, 354, 70, 918, 168, 392, 680, 793, 869, 813, 267, 521, 295, 415, 548, 77, 839, 667, 482, 10, 245, 41, 582, 228, 942, 551, 703, 872, 674, 711, 199, 930, 905, 637, 847, 746, 86, 487, 276, 968, 941, 645, 8, 170, 581, 725, 327, 280, 700, 553, 451, 54, 466, 422, 665, 127, 176, 62, 656, 371, 718, 716, 159, 882, 970, 997, 654, 938, 475, 672, 333, 760, 817, 427, 9, 282, 134, 372, 174, 774, 173, 32, 305, 449, 875, 814, 362, 169, 344, 901, 397, 923, 158, 125, 506, 96, 129, 684, 544, 56, 88, 502, 752, 823, 932, 378, 726, 528, 230, 870, 791, 291, 373, 190, 279, 287, 471, 712, 293, 877, 980, 74, 425, 526, 393, 675, 121, 963, 233, 694, 510, 880, 180, 336, 579, 650, 193, 242, 23, 353, 461, 826, 231, 834, 692, 566, 118, 758, 593, 795, 679, 596, 75, 574, 188, 964, 730, 213, 908, 406, 601, 284, 416, 815, 182, 252, 340, 775, 584, 825, 330, 796, 895, 401, 508, 852, 382, 163, 605, 3, 972, 883, 389, 153, 489, 154, 374, 27, 958, 187, 474, 216, 24, 256, 161, 766, 560, 131, 590, 540, 924, 184, 480, 133, 619, 949, 19, 617, 624, 765, 490, 599, 547, 17, 109, 329, 842, 627, 400, 577, 398, 514, 484, 5, 715, 657, 773, 76, 808, 804, 658, 555, 916, 647, 407, 136, 89, 632, 591, 607, 756, 297, 192, 20, 951, 794, 53, 522, 285, 503, 504, 767, 215, 648, 346, 565, 308, 994, 494, 467, 303, 937, 952, 678, 394, 240, 444, 748, 516, 818, 831, 224, 622, 853, 820, 165, 682, 792, 364, 635, 836, 552, 722, 696, 43, 108, 66, 116, 488, 258, 824, 802, 829, 28, 646, 806, 328, 702, 947, 337, 714, 661, 840, 343, 935, 313, 385, 11, 244, 204, 625, 334, 967, 757, 455, 538, 848, 564, 892, 925, 745, 22, 234, 975, 35, 933, 911, 428, 763, 442, 52, 332, 220, 710, 262, 139, 768, 380, 94, 208, 857, 298, 198, 723, 55, 893, 518, 498, 747, 807, 430, 957, 878, 492, 960, 402, 846, 608, 130, 788, 638, 750, 568, 708, 312, 438, 246, 14, 720, 858, 742, 618, 143, 859, 939, 367, 128, 959, 95, 263, 693, 891, 322, 100, 819, 670, 426, 652, 585, 15, 749, 229, 790, 448, 706, 99, 132, 704, 111, 177, 844, 423, 324, 205, 569, 155, 296, 971, 195, 588, 73, 57, 663, 623, 399, 685, 358, 365, 218, 31, 666, 631, 395, 171, 186, 769, 690, 903, 281, 460, 668, 388, 479, 512, 744, 390, 33, 29, 210, 151, 988, 998, 558, 879, 943, 713, 860, 197, 583, 867, 779, 886, 316, 974, 496, 396, 113, 172, 369, 458, 432, 950, 404, 832, 811, 838, 85, 987, 160, 954, 181, 269, 786, 594, 271, 778, 845, 117, 209, 969, 249, 909, 356, 728, 421, 873, 961, 856, 885, 339, 194, 861, 212, 69, 135, 435, 689, 403, 890, 850, 311, 454, 985, 798, 114, 887, 641, 649, 264, 48, 476, 570, 47, 45, 989, 326, 598, 509, 664, 315, 203, 485, 465, 979, 519, 277, 272, 864, 609, 331, 821, 405, 226, 384, 973, 561, 554, 408, 993, 966, 643, 323, 51, 314, 576, 996, 122, 120, 283, 803, 809, 434, 754, 286, 507, 235, 533, 828, 360, 833, 543, 539, 851, 904, 729, 912, 915, 227, 546, 866, 642, 145, 926, 919, 965, 457, 830, 709, 211, 914, 183, 266, 355, 30, 270, 849, 232, 445, 578, 991, 238, 42, 351, 545, 412, 592, 225, 418, 377, 837, 530, 191, 37, 486, 841, 907, 781, 175, 381, 217, 884, 736, 764, 156, 391, 550, 691, 318, 604, 302, 63, 50, 759, 910, 634, 463, 164, 597, 603, 651, 157, 983, 688, 573, 105, 822, 982, 835, 940, 386, 200, 46, 350, 705, 36, 236, 626, 106, 189, 698, 978, 771, 896, 1000. Length: 9741

Execution Time: 5984.69
